   label                                               text
0      2  2967 6758 339 2021 1854 3731 4109 3792 4149 15...
1     11  4464 486 6352 5619 2465 4802 1452 3137 5778 54...
2      3  7346 4068 5074 3747 5681 6093 1777 2226 7354 6...
3      2  7159 948 4866 2109 5520 2490 211 3956 5520 549...
4      3  3646 3055 3055 2490 4659 6065 3370 5814 2465 5...
count     100.000000
mean      872.320000
std       923.138191
min        64.000000
25%       359.500000
50%       598.000000
75%      1058.000000
max      7125.000000
Name: text_len, dtype: float64
2405
('3750', 3702)
('5034', 1)
('3750', 99)
('900', 99)
('648', 96)